-0.0483
-0.0451
-0.0443
-0.0429
-0.0421
-0.0414
-0.0399
-0.0391
-0.0384
-0.0347
-0.0297
-0.0286
-0.0280
-0.0274
-0.0260
-0.0255
-0.0249
-0.0243
-0.0238
-0.0232
-0.0226
-0.0220
-0.0215
-0.0209
-0.0182
-0.0153
-0.0148
-0.0142
-0.0136
-0.0131
-0.0125
-0.0119
-0.0113
-0.0108
-0.0102
-0.0093
-0.0087
-0.0082
-0.0076
-0.0070
-0.0064
-0.0059
-0.0053
-0.0041
0.0000
0.0004
0.0008
0.0012
0.0016
0.0020
0.0024
0.0028
0.0032
0.0036
0.0040
0.0044
0.0048
0.0052
0.0056
0.0060
0.0064
0.0068
0.0072
0.0076
0.0080
0.0084
0.0088
0.0091
0.0095
0.0099
0.0103
0.0107
0.0111
0.0115
0.0119
0.0123
0.0127
0.0131
0.0135
0.0139
0.0143
0.0147
0.0151
0.0155
0.0159
0.0163
0.0167
0.0171
0.0175
0.0179
0.0183
0.0187
0.0191
0.0195
0.0198
0.0202
0.0206
0.0210
0.0214
0.0218
0.0222
0.0226
0.0230
0.0234
0.0238
0.0242
0.0246
0.0250
0.0254
0.0258
0.0262
0.0266
0.0270
0.0274
0.0278
0.0282
0.0286
0.0290
0.0294
0.0298
0.0302
0.0306
0.0310
0.0314
0.0318
0.0322
0.0326
0.0330
0.0333
0.0338
0.0341
0.0345
0.0349
0.0353
0.0357
0.0361
0.0365
0.0369
0.0373
0.0377
0.0381
0.0385
0.0389
0.0393
0.0397
0.0401
0.0405
0.0409
0.0413
0.0417
0.0421
0.0425
0.0429
0.0433
0.0437
0.0441
0.0444
0.0448
0.0453
0.0456
0.0460
0.0464
0.0468
0.0472
0.0476
0.0480
0.0484
0.0488
0.0492
0.0496
0.0500
0.0504
0.0508
0.0512
0.0516
0.0520
0.0524
0.0528
0.0532